Cell V_kV Wsyn_MeV Sig0T_deg Sig0L_deg A10 Phi_deg a_cm m B L_cm Z_cm A0 RFdef Oct A1
1 55.2 0.03 406.939799 0 0 -90 0.4 1 3 0.7399059247 0.7399059247 1 0 0 0
2 55.2 0.03 405.5594391 3.982032633 0.002872640492 -89.59731544 0.3993288591 1.005369128 3.006711409 0.7399059247 1.479811849 1 0 0 0
3 55.2 0.03015856584 404.1948531 5.628769288 0.005740248901 -89.19463087 0.3986577181 1.010738255 3.013422819 0.7418586504 2.2216705 1 0 0 0
4 55.2 0.03047539628 402.845798 6.900091349 0.00862714593 -88.79194631 0.3979865772 1.016107383 3.020134228 0.7457450739 2.967415574 1 0 0 0
5 55.2 0.03095150888 401.5120356 7.985369209 0.01155639993 -88.38926174 0.3973154362 1.02147651 3.026845638 0.7515475443 3.718963118 1 0 0 0
6 55.2 0.0315891701 400.1933328 8.958979558 0.01454943804 -87.98657718 0.3966442953 1.026845638 3.033557047 0.7592493592 4.478212477 1 0 0 0
7 55.2 0.03239180324 398.8894616 9.859375414 0.01762568405 -87.58389262 0.3959731544 1.032214765 3.040268456 0.7688340519 5.247046529 1 0 0 0
8 55.2 0.03336387608 397.6001984 10.70931147 0.02080222597 -87.18120805 0.3953020134 1.037583893 3.046979866 0.7802844633 6.027330992 1 0 0 0
9 55.2 0.0345107696 396.3253244 11.52328413 0.02409352204 -86.77852349 0.3946308725 1.04295302 3.053691275 0.7935816806 6.820912673 1 0 0 0
10 55.2 0.03583863037 395.0646254 12.3108853 0.0275111586 -86.37583893 0.3939597315 1.048322148 3.060402685 0.8087039284 7.629616601 1 0 0 0
11 55.2 0.03735420934 393.8178914 13.07853864 0.03106367611 -85.97315436 0.3932885906 1.053691275 3.067114094 0.8256255015 8.455242103 1 0 0 0
12 55.2 0.03906469107 392.5849169 13.83049923 0.03475647951 -85.5704698 0.3926174497 1.059060403 3.073825503 0.8443158223 9.299557925 1 0 0 0
13 55.2 0.04097751816 391.3655004 14.56948241 0.03859184592 -85.16778523 0.3919463087 1.06442953 3.080536913 0.864738694 10.16429662 1 0 0 0
14 55.2 0.04310021634 390.1594446 15.29709042 0.04256903613 -84.76510067 0.3912751678 1.069798658 3.087248322 0.8868518065 11.05114843 1 0 0 0
15 55.2 0.04544022609 388.966556 16.01412014 0.04668450841 -84.36241611 0.3906040268 1.075167785 3.093959732 0.9106065282 11.96175495 1 0 0 0
16 55.2 0.04800474653 387.7866452 16.72079566 0.05093222414 -83.95973154 0.3899328859 1.080536913 3.100671141 0.9359479943 12.89770295 1 0 0 0
17 55.2 0.0508005966 386.6195263 17.41694902 0.05530402673 -83.55704698 0.389261745 1.08590604 3.10738255 0.9628154781 13.86051843 1 0 0 0
18 55.2 0.05383409774 385.4650174 18.10216231 0.05979006937 -83.15436242 0.388590604 1.091275168 3.11409396 0.9911430118 14.85166144 1 0 0 0
19 55.2 0.05711098054 384.32294 18.77587878 0.06437926448 -82.75167785 0.3879194631 1.096644295 3.120805369 1.020860206 15.87252164 1 0 0 0
20 55.2 0.06063631677 383.1931191 19.43748813 0.06905972809 -82.34899329 0.3872483221 1.102013423 3.127516779 1.051893204 16.92441485 1 0 0 0
21 55.2 0.06441447622 382.0753831 20.08638974 0.07381919549 -81.94630872 0.3865771812 1.10738255 3.134228188 1.08416572 18.00858057 1 0 0 0
22 55.2 0.06844910675 380.969564 20.72203714 0.07864539007 -81.54362416 0.3859060403 1.112751678 3.140939597 1.117600078 19.12618065 1 0 0 0
23 55.2 0.07274313498 379.8754968 21.34396692 0.08352633341 -81.1409396 0.3852348993 1.118120805 3.147651007 1.152118226 20.27829887 1 0 0 0
24 55.2 0.07729878422 378.7930196 21.95181487 0.08845059102 -80.73825503 0.3845637584 1.123489933 3.154362416 1.187642664 21.46594154 1 0 0 0
25 55.2 0.08211760598 377.721974 22.54532231 0.0934074537 -80.33557047 0.3838926174 1.12885906 3.161073826 1.224097261 22.6900388 1 0 0 0
26 55.2 0.08720052156 376.6622042 23.12433507 0.09838705889 -79.93288591 0.3832214765 1.134228188 3.167785235 1.261407948 23.95144674 1 0 0 0
27 55.2 0.09254787029 375.6135576 23.68879728 0.1033804592 -79.53020134 0.3825503356 1.139597315 3.174496644 1.299503281 25.25095002 1 0 0 0
28 55.2 0.09815946146 374.5758845 24.23874192 0.1083796466 -79.12751678 0.3818791946 1.144966443 3.181208054 1.338314864 26.58926489 1 0 0 0
29 55.2 0.1040346276 373.549038 24.77427954 0.1133775427 -78.72483221 0.3812080537 1.15033557 3.187919463 1.377777655 27.96704254 1 0 0 0
30 55.2 0.1101722768 372.5328739 25.2955863 0.1183679616 -78.32214765 0.3805369128 1.155704698 3.194630872 1.41783016 29.3848727 1 0 0 0
31 55.2 0.1165709437 371.5272506 25.80289215 0.1233455564 -77.91946309 0.3798657718 1.161073826 3.201342282 1.458414533 30.84328724 1 0 0 0
32 55.2 0.1232288361 370.5320295 26.29646967 0.128305753 -77.51677852 0.3791946309 1.166442953 3.208053691 1.499476589 32.34276383 1 0 0 0
33 55.2 0.1301438793 369.5470743 26.7766239 0.1332446789 -77.11409396 0.3785234899 1.171812081 3.214765101 1.540965764 33.88372959 1 0 0 0
34 55.2 0.1373137552 368.5722511 27.24368336 0.13815909 -76.7114094 0.377852349 1.177181208 3.22147651 1.582835017 35.46656461 1 0 0 0
35 55.2 0.144735938 367.6074288 27.69799234 0.1430462987 -76.30872483 0.3771812081 1.182550336 3.228187919 1.625040695 37.0916053 1 0 0 0
36 55.2 0.1524077258 366.6524785 28.13990431 0.1479041053 -75.90604027 0.3765100671 1.187919463 3.234899329 1.667542379 38.75914768 1 0 0 0
37 55.2 0.1603262679 365.7072736 28.56977654 0.1527307346 -75.5033557 0.3758389262 1.193288591 3.241610738 1.710302702 40.46945038 1 0 0 0
38 55.2 0.1684885893 364.77169 28.9879657 0.1575247775 -75.10067114 0.3751677852 1.198657718 3.248322148 1.753287168 42.22273755 1 0 0 0
39 55.2 0.1768916108 363.8456056 29.39482434 0.1622851385 -74.69798658 0.3744966443 1.204026846 3.255033557 1.79646396 44.01920151 1 0 0 0
40 55.2 0.1855321678 362.9289008 29.79069822 0.1670109896 -74.29530201 0.3738255034 1.209395973 3.261744966 1.839803757 45.85900527 1 0 0 0
41 55.2 0.1944070248 362.0214578 30.17592423 0.1717017285 -73.89261745 0.3731543624 1.214765101 3.268456376 1.883279541 47.74228481 1 0 0 0
42 55.2 0.2035128888 361.1231612 30.55082888 0.1763569438 -73.48993289 0.3724832215 1.220134228 3.275167785 1.926866432 49.66915124 1 0 0 0
43 55.2 0.2128464203 360.2338975 30.91572729 0.1809763827 -73.08724832 0.3718120805 1.225503356 3.281879195 1.970541507 51.63969275 1 0 0 0
44 55.2 0.2224042422 359.3535553 31.27092248 0.1855599253 -72.68456376 0.3711409396 1.230872483 3.288590604 2.014283654 53.6539764 1 0 0 0
45 55.2 0.2321829482 358.4820251 31.61670501 0.1901075609 -72.28187919 0.3704697987 1.236241611 3.295302013 2.058073411 55.71204981 1 0 0 0
46 55.2 0.2421791085 357.6191993 31.95335285 0.194619369 -71.87919463 0.3697986577 1.241610738 3.302013423 2.101892837 57.81394265 1 0 0 0
47 55.2 0.2523892761 356.7649723 32.28113139 0.1990955022 -71.47651007 0.3691275168 1.246979866 3.308724832 2.145725378 59.95966803 1 0 0 0
48 55.2 0.2628099905 355.9192403 32.60029366 0.2035361723 -71.0738255 0.3684563758 1.252348993 3.315436242 2.18955575 62.14922378 1 0 0 0
49 55.2 0.273437782 355.0819013 32.9110806 0.2079416386 -70.67114094 0.3677852349 1.257718121 3.322147651 2.233369832 64.38259361 1 0 0 0
50 55.2 0.2842691743 354.2528549 33.21372142 0.2123121977 -70.26845638 0.367114094 1.263087248 3.32885906 2.277154562 66.65974817 1 0 0 0
51 55.2 0.2953006872 353.4320028 33.50843403 0.2166481754 -69.86577181 0.366442953 1.268456376 3.33557047 2.320897848 68.98064602 1 0 0 0
52 55.2 0.3065288387 352.6192481 33.79542549 0.2209499193 -69.46308725 0.3657718121 1.273825503 3.342281879 2.364588487 71.34523451 1 0 0 0
53 55.2 0.3179501465 351.8144957 34.07489248 0.2252177937 -69.06040268 0.3651006711 1.279194631 3.348993289 2.408216081 73.75345059 1 0 0 0
54 55.2 0.3295611295 351.017652 34.34702178 0.2294521742 -68.65771812 0.3644295302 1.284563758 3.355704698 2.451770976 76.20522156 1 0 0 0
55 55.2 0.3413583086 350.2286251 34.61199076 0.2336534442 -68.25503356 0.3637583893 1.289932886 3.362416107 2.495244193 78.70046575 1 0 0 0
56 55.2 0.3533382076 349.4473247 34.86996787 0.2378219913 -67.85234899 0.3630872483 1.295302013 3.369127517 2.538627372 81.23909313 1 0 0 0
57 55.2 0.3654973542 348.6736619 35.1211131 0.2419582049 -67.44966443 0.3624161074 1.300671141 3.375838926 2.58191272 83.82100585 1 0 0 0
58 55.2 0.37783228 347.9075493 35.36557839 0.246062474 -67.04697987 0.3617449664 1.306040268 3.382550336 2.625092963 86.44609881 1 0 0 0
59 55.2 0.3903395214 347.1489011 35.60350815 0.2501351856 -66.6442953 0.3610738255 1.311409396 3.389261745 2.668161302 89.11426011 1 0 0 0
60 55.2 0.4030156193 346.3976328 35.83503959 0.254176723 -66.24161074 0.3604026846 1.316778523 3.395973154 2.711111375 91.82537149 1 0 0 0
61 55.2 0.4158571199 345.6536614 36.0603032 0.2581874652 -65.83892617 0.3597315436 1.322147651 3.402684564 2.753937217 94.5793087 1 0 0 0
62 55.2 0.4288605746 344.9169053 36.27942305 0.2621677856 -65.43624161 0.3590604027 1.327516779 3.409395973 2.796633234 97.37594194 1 0 0 0
